[4881868379304785668372403509739736231606332816699349658665830572282249966105523412919879036148449312602580082099389304085089071892561233744240777497571982,
 5433206347026126143518924782097865063280226817020490597195370926615398196970662417198470245568004074631943933940002681971107159857512987440743635769915528,
 7640041108934654706135993866450692611212541225639210094772814426241909385355538862688143766344220337443306529489540656571116475193976823250975610288081565,
 11863971225625957933689251975760094468409434994647512566610962778758971490310175241743934297352709963021889462716419367273761184577147795440804272135806961,
 3855261248042264532297786877244696763696737839586092680314484851756657461005074580003602037862449478848291797103713783175236489598900903836838210640042606,
 10753261417527297436470575018021617796886312776280265123573606896095931144996917108402044430493379688544320399493882317090691548338980145647281032323088959,
 12809557969799988804943909132093001002947108812954596427835191858944184061125621546911557356405014977904482398372922326500575674697978183140857651438897811,
 1465137372410446596322151736957465088773306829670298318192352295006942908140519213230601059265430173014492587641966722327534929089883419577820315217791111,
 450284556889655880683033787169298557459599492963893768439146513185053483089727833711136377006337271243990824963493245844461651562381658912633934364718904,
 8625830477203809768966633659385611584004253084886768849521504690819086951995129274954255529367792324208156508673459634825701508018150396283345629408889211,
 9989760133483752250864057365110140696456748054883535094319787140607582240723054105193741792382536982359840387556752534982121099469462902292688729273246326,
 4235483618244047849546895613723521547307307905448996874845340266965150999200161164540874433813545459118596250915280276855511105046775215897783500265606776,
 7801987919917068668940216375858884428322032866346623758883007301504736176494404923494241285779131349075740481540808949028548830068870149174489148530629468,
 4878618830831196175545298536816801568663261317395989982044849336725119575799318865038041480944609462047585962768248640523369965255362635365722467317736046,
 8078510066494655608153237591089298587923610698593150638625245648361521403500525891423892148026490441277217552182689853477283267147594828734891529948421546,
 4090106795010990155670112129493998252640014301594334398425412453037567215329317880638329765162177556997594956628064300243365467837980347124074720754411934,
 3949415972453028829465652293273633271669999521411856066342855405138845547881590268916603839549777116776383170912756667444505954136388910486757959532754912,
 7785406839437254420790927552739478596289188702848631121093490495488914541676934844699712535722199942723542137351417715061311164055492565911966432535760619,
 3142773559406826826625087052326347213320624608031382172120933298016850622728325856835386782264681137609659691293162117235129220329533919171754314210853397,
 11286142066741833453297007313628348221381307495579765744476542533854899436006986262405952006501978855938355328680139875502060706768773261280386735195659065]